000.jpg [297, 389, 132, 237]
001.jpg [305, 343, 193, 246]
002.jpg [559, 573, 232, 253]
003.jpg [240, 261, 158, 216]
004.jpg [300, 317, 165, 200]
005.jpg [235, 247, 292, 324]
006.jpg [170, 220, 39, 151]
007.jpg [260, 307, 91, 199]
008.jpg [207, 248, 93, 190]
009.jpg [303, 322, 283, 308]
010.jpg [320, 342, 157, 231]
011.jpg [316, 335, 148, 169]
012.jpg [314, 339, 154, 175]
013.jpg [330, 357, 148, 217]
014.jpg [207, 277, 104, 279]
015.jpg [437, 476, 194, 232]
016.jpg [275, 446, 178, 280]
017.jpg [210, 258, 125, 157]
018.jpg [300, 320, 160, 205]
019.jpg [557, 590, 329, 348]
020.jpg [276, 415, 167, 289]
021.jpg [340, 352, 181, 204]
022.jpg [207, 244, 180, 300]
023.jpg [311, 334, 164, 235]
024.jpg [224, 259, 117, 139]
025.jpg [256, 276, 150, 213]
026.jpg [266, 281, 216, 245]
027.jpg [312, 332, 148, 168]
028.jpg [236, 285, 112, 199]
029.jpg [294, 333, 151, 205]
030.jpg [309, 341, 151, 219]
031.jpg [306, 339, 144, 239]
032.jpg [239, 275, 161, 194]
033.jpg [292, 322, 149, 216]
034.jpg [291, 302, 97, 134]
035.jpg [364, 389, 108, 171]
036.jpg [559, 589, 330, 349]
037.jpg [378, 424, 319, 360]
038.jpg [265, 280, 171, 211]
039.jpg [205, 246, 97, 197]
040.jpg [321, 347, 165, 216]
041.jpg [354, 381, 145, 196]
042.jpg [300, 319, 151, 201]
043.jpg [88, 120, 195, 261]
044.jpg [259, 326, 141, 235]
045.jpg [242, 285, 90, 130]
046.jpg [272, 318, 141, 217]
047.jpg [255, 275, 215, 257]
048.jpg [304, 326, 158, 200]
049.jpg [277, 306, 147, 217]
050.jpg [309, 336, 165, 215]
051.jpg [304, 316, 100, 137]
052.jpg [355, 374, 90, 143]
053.jpg [137, 196, 156, 306]
054.jpg [211, 245, 89, 150]
055.jpg [135, 181, 131, 166]
056.jpg [239, 261, 158, 217]
057.jpg [268, 291, 138, 204]
058.jpg [414, 438, 17, 82]
059.jpg [526, 572, 172, 286]
060.jpg [308, 327, 160, 196]
061.jpg [284, 319, 145, 233]
062.jpg [283, 320, 146, 233]
063.jpg [25, 34, 77, 92]
064.jpg [344, 370, 160, 213]
065.jpg [277, 317, 145, 226]
066.jpg [215, 316, 147, 199]
067.jpg [325, 344, 80, 139]
068.jpg [379, 382, 180, 186]
069.jpg [199, 268, 258, 358]
070.jpg [310, 325, 96, 143]
071.jpg [272, 308, 137, 229]
072.jpg [335, 356, 162, 229]
073.jpg [301, 322, 168, 196]
074.jpg [243, 267, 157, 214]
075.jpg [286, 306, 155, 200]
076.jpg [331, 356, 243, 255]
077.jpg [555, 563, 168, 180]
078.jpg [278, 405, 160, 289]
079.jpg [182, 259, 219, 360]
080.jpg [557, 568, 196, 208]
081.jpg [579, 640, 174, 315]
082.jpg [284, 303, 189, 230]
083.jpg [215, 320, 150, 205]
084.jpg [225, 283, 152, 232]
085.jpg [329, 369, 111, 222]
086.jpg [312, 365, 134, 200]
087.jpg [256, 308, 237, 308]
088.jpg [318, 331, 117, 155]
089.jpg [296, 335, 155, 201]
090.jpg [315, 342, 125, 178]
091.jpg [310, 333, 143, 198]
092.jpg [236, 253, 299, 344]
093.jpg [323, 345, 234, 243]
094.jpg [215, 257, 138, 216]
095.jpg [252, 281, 168, 230]
096.jpg [297, 428, 174, 281]
097.jpg [414, 497, 203, 356]
098.jpg [273, 301, 147, 195]
099.jpg [42, 51, 80, 95]
100.jpg [325, 352, 79, 139]
101.jpg [302, 323, 171, 197]
102.jpg [310, 398, 39, 146]
103.jpg [281, 386, 178, 268]
104.jpg [320, 341, 156, 230]
105.jpg [239, 284, 147, 220]
106.jpg [561, 574, 220, 235]
107.jpg [280, 313, 167, 278]
108.jpg [311, 331, 150, 204]
109.jpg [322, 337, 57, 107]
110.jpg [267, 335, 132, 231]
111.jpg [265, 338, 117, 267]
112.jpg [308, 328, 150, 193]
113.jpg [292, 312, 127, 172]
114.jpg [201, 291, 150, 194]
115.jpg [299, 317, 150, 203]
116.jpg [80, 109, 168, 231]
117.jpg [432, 459, 300, 316]
118.jpg [292, 319, 123, 152]
119.jpg [299, 318, 167, 202]
120.jpg [286, 357, 133, 272]
121.jpg [327, 332, 198, 207]
122.jpg [309, 337, 164, 218]
123.jpg [348, 375, 145, 197]
124.jpg [315, 339, 175, 224]
125.jpg [236, 249, 293, 324]
126.jpg [56, 65, 79, 93]
127.jpg [316, 346, 141, 204]
128.jpg [219, 243, 342, 360]
129.jpg [295, 310, 168, 206]
130.jpg [358, 366, 166, 182]
131.jpg [322, 345, 219, 281]
132.jpg [202, 268, 146, 233]
133.jpg [294, 337, 158, 196]
134.jpg [335, 360, 153, 214]
135.jpg [258, 337, 123, 222]
136.jpg [317, 349, 138, 204]
137.jpg [417, 435, 116, 166]
138.jpg [307, 327, 149, 168]
139.jpg [62, 96, 188, 250]
140.jpg [303, 326, 115, 158]
141.jpg [300, 327, 151, 221]
142.jpg [243, 267, 159, 218]
143.jpg [372, 400, 266, 282]
144.jpg [301, 325, 131, 182]
145.jpg [282, 308, 149, 201]
146.jpg [305, 316, 120, 158]
147.jpg [214, 245, 137, 202]
148.jpg [408, 429, 211, 235]
149.jpg [234, 273, 96, 218]
150.jpg [450, 497, 26, 54]
151.jpg [303, 321, 149, 199]
152.jpg [335, 374, 106, 227]
153.jpg [354, 433, 89, 155]
154.jpg [308, 341, 161, 211]
155.jpg [350, 402, 107, 264]
156.jpg [331, 334, 182, 192]
157.jpg [282, 307, 146, 202]
158.jpg [291, 321, 146, 209]
159.jpg [372, 390, 66, 124]
160.jpg [301, 325, 147, 221]
161.jpg [311, 336, 158, 180]
162.jpg [302, 323, 147, 208]
163.jpg [184, 283, 121, 264]
164.jpg [353, 375, 101, 155]
165.jpg [290, 315, 115, 177]
166.jpg [303, 327, 156, 201]
167.jpg [289, 315, 113, 181]
168.jpg [308, 336, 155, 225]
169.jpg [299, 318, 182, 209]
170.jpg [312, 348, 213, 299]
171.jpg [354, 432, 93, 154]
172.jpg [139, 236, 142, 232]
173.jpg [279, 325, 145, 232]
174.jpg [307, 324, 172, 194]
175.jpg [288, 333, 155, 210]
176.jpg [230, 267, 122, 220]
177.jpg [560, 573, 224, 240]
178.jpg [351, 371, 1, 25]
179.jpg [248, 275, 153, 199]
180.jpg [375, 377, 180, 186]
181.jpg [241, 278, 165, 196]
182.jpg [203, 248, 24, 151]
183.jpg [310, 338, 171, 221]
184.jpg [304, 329, 146, 193]
185.jpg [146, 183, 190, 293]
186.jpg [308, 328, 152, 193]
187.jpg [310, 334, 160, 211]
188.jpg [285, 343, 143, 298]
189.jpg [324, 360, 169, 257]
190.jpg [562, 569, 164, 174]
191.jpg [224, 235, 321, 349]
192.jpg [307, 334, 155, 231]
193.jpg [319, 336, 148, 169]
194.jpg [301, 320, 168, 204]
195.jpg [274, 297, 153, 200]
196.jpg [309, 342, 153, 222]
197.jpg [452, 484, 185, 217]
198.jpg [215, 347, 153, 300]
199.jpg [206, 237, 196, 275]
200.jpg [279, 289, 98, 135]
201.jpg [316, 380, 160, 284]
202.jpg [227, 334, 147, 207]
203.jpg [319, 350, 136, 205]
204.jpg [295, 316, 217, 227]
205.jpg [284, 303, 159, 208]
206.jpg [210, 251, 149, 222]
207.jpg [321, 344, 151, 239]
208.jpg [329, 332, 179, 190]
209.jpg [430, 457, 300, 315]
210.jpg [218, 264, 134, 172]
211.jpg [243, 275, 132, 182]
212.jpg [288, 323, 165, 279]
213.jpg [307, 332, 154, 211]
214.jpg [297, 354, 143, 237]
215.jpg [289, 337, 126, 231]
216.jpg [302, 330, 150, 214]
217.jpg [300, 323, 147, 210]
218.jpg [280, 298, 154, 177]
219.jpg [395, 413, 135, 191]
220.jpg [71, 80, 83, 96]
221.jpg [322, 347, 112, 183]
222.jpg [165, 259, 154, 246]
223.jpg [306, 337, 162, 201]
224.jpg [291, 328, 73, 164]
225.jpg [307, 335, 159, 208]
226.jpg [287, 306, 161, 208]
227.jpg [366, 387, 1, 24]
228.jpg [239, 261, 156, 216]
229.jpg [294, 307, 160, 195]
230.jpg [287, 305, 157, 199]
231.jpg [242, 255, 133, 179]
232.jpg [555, 564, 173, 183]
233.jpg [193, 207, 190, 211]
234.jpg [375, 396, 101, 135]
235.jpg [318, 333, 109, 161]
236.jpg [240, 282, 79, 201]
237.jpg [398, 428, 164, 223]
238.jpg [251, 330, 286, 357]
239.jpg [382, 409, 189, 232]
240.jpg [440, 481, 200, 244]
241.jpg [318, 341, 183, 232]
242.jpg [373, 390, 98, 150]
243.jpg [292, 335, 144, 224]
244.jpg [229, 326, 64, 163]
245.jpg [275, 286, 101, 138]
246.jpg [409, 451, 19, 45]
247.jpg [366, 429, 308, 360]
248.jpg [304, 324, 150, 198]
249.jpg [301, 316, 175, 203]
250.jpg [284, 403, 157, 260]
251.jpg [279, 348, 121, 213]
252.jpg [372, 390, 52, 109]
253.jpg [296, 335, 150, 206]
254.jpg [310, 335, 162, 215]
255.jpg [295, 315, 168, 197]
256.jpg [325, 344, 80, 140]
257.jpg [310, 332, 176, 202]
258.jpg [429, 457, 165, 242]
259.jpg [306, 331, 169, 217]
260.jpg [313, 332, 149, 169]
261.jpg [285, 300, 151, 176]
262.jpg [373, 397, 94, 152]
263.jpg [191, 235, 161, 250]
264.jpg [434, 471, 213, 241]
265.jpg [236, 282, 70, 184]
266.jpg [301, 331, 147, 216]
267.jpg [322, 345, 233, 244]
268.jpg [266, 280, 235, 264]
269.jpg [318, 341, 165, 213]
270.jpg [310, 336, 158, 256]
271.jpg [299, 318, 166, 202]
272.jpg [207, 310, 59, 172]
273.jpg [215, 315, 149, 204]
274.jpg [222, 260, 120, 212]
275.jpg [211, 314, 55, 171]
276.jpg [279, 299, 195, 234]
277.jpg [335, 406, 123, 285]
278.jpg [504, 509, 170, 179]
279.jpg [325, 371, 8, 34]
280.jpg [350, 376, 73, 131]
281.jpg [230, 269, 135, 212]
282.jpg [390, 408, 118, 175]
283.jpg [439, 482, 199, 246]
284.jpg [277, 289, 99, 137]
285.jpg [365, 393, 109, 171]
286.jpg [266, 338, 130, 237]
287.jpg [352, 434, 188, 290]
288.jpg [297, 336, 136, 218]
289.jpg [437, 480, 199, 239]
290.jpg [355, 357, 172, 176]
291.jpg [367, 419, 104, 248]
292.jpg [296, 325, 150, 221]
293.jpg [307, 326, 163, 211]
294.jpg [338, 350, 167, 211]
295.jpg [338, 351, 184, 207]
296.jpg [306, 327, 150, 168]
297.jpg [423, 444, 116, 165]
298.jpg [562, 576, 249, 268]
299.jpg [325, 370, 7, 33]
300.jpg [317, 335, 148, 170]
301.jpg [267, 290, 150, 200]
302.jpg [223, 235, 322, 350]
303.jpg [320, 341, 5, 61]
304.jpg [262, 355, 160, 205]
305.jpg [297, 339, 164, 211]
306.jpg [265, 267, 199, 203]
307.jpg [310, 333, 158, 180]
308.jpg [271, 315, 161, 264]
309.jpg [297, 337, 143, 236]
310.jpg [279, 304, 136, 198]
311.jpg [350, 368, 88, 138]
312.jpg [303, 348, 89, 214]
313.jpg [308, 383, 49, 189]
314.jpg [334, 360, 157, 213]
315.jpg [292, 386, 53, 243]
316.jpg [252, 279, 109, 164]
317.jpg [293, 335, 143, 226]
318.jpg [342, 369, 82, 112]
319.jpg [290, 336, 131, 205]
320.jpg [294, 307, 97, 136]
321.jpg [366, 430, 311, 360]
322.jpg [290, 309, 148, 203]
323.jpg [207, 236, 147, 221]
324.jpg [275, 286, 100, 136]
325.jpg [160, 208, 130, 225]
326.jpg [308, 326, 169, 195]
327.jpg [307, 326, 162, 208]
328.jpg [265, 288, 148, 198]
329.jpg [536, 561, 128, 173]
330.jpg [376, 443, 248, 360]
331.jpg [284, 308, 138, 199]
332.jpg [309, 337, 168, 220]
333.jpg [274, 313, 124, 218]
334.jpg [342, 366, 101, 160]
335.jpg [301, 322, 176, 203]
336.jpg [484, 504, 183, 223]
337.jpg [415, 421, 159, 169]
338.jpg [284, 329, 152, 226]
339.jpg [246, 255, 254, 282]
340.jpg [216, 246, 142, 214]
341.jpg [344, 365, 184, 242]
342.jpg [109, 168, 94, 211]
343.jpg [303, 326, 145, 207]
344.jpg [317, 340, 149, 198]
345.jpg [286, 305, 158, 207]
346.jpg [316, 335, 154, 232]
347.jpg [275, 445, 177, 275]
348.jpg [253, 297, 55, 168]
349.jpg [313, 332, 163, 194]
350.jpg [476, 509, 313, 332]
351.jpg [279, 422, 174, 286]
352.jpg [302, 326, 121, 169]
353.jpg [295, 319, 161, 210]
354.jpg [300, 317, 166, 200]
355.jpg [438, 472, 187, 216]
356.jpg [302, 324, 147, 196]
357.jpg [352, 367, 124, 170]
358.jpg [383, 403, 1, 42]
359.jpg [280, 347, 140, 264]
360.jpg [134, 175, 137, 217]
361.jpg [444, 455, 244, 271]
362.jpg [318, 340, 231, 242]
363.jpg [308, 335, 155, 233]
364.jpg [352, 378, 73, 130]
365.jpg [286, 297, 98, 134]
366.jpg [287, 305, 157, 198]
367.jpg [284, 300, 163, 184]
368.jpg [226, 268, 50, 168]
369.jpg [277, 306, 123, 184]
370.jpg [295, 389, 134, 236]
371.jpg [346, 352, 141, 152]
372.jpg [330, 352, 171, 198]
373.jpg [297, 315, 165, 198]
374.jpg [303, 326, 171, 198]
375.jpg [320, 351, 152, 223]
376.jpg [237, 281, 67, 189]
377.jpg [309, 342, 150, 222]
378.jpg [300, 337, 167, 220]
379.jpg [295, 325, 148, 216]
380.jpg [291, 308, 129, 180]
381.jpg [315, 338, 8, 67]
382.jpg [242, 268, 157, 205]
383.jpg [322, 409, 35, 134]
384.jpg [301, 375, 118, 274]
385.jpg [307, 330, 166, 215]
386.jpg [316, 341, 150, 223]
387.jpg [181, 257, 221, 360]
388.jpg [326, 350, 171, 199]
389.jpg [303, 324, 165, 202]
390.jpg [193, 228, 191, 287]
391.jpg [351, 440, 36, 133]
392.jpg [330, 334, 134, 146]
393.jpg [290, 311, 9, 65]
394.jpg [372, 392, 125, 178]
395.jpg [303, 328, 152, 175]
396.jpg [298, 318, 165, 199]
397.jpg [452, 500, 215, 283]
398.jpg [268, 283, 219, 242]
399.jpg [289, 331, 179, 261]
400.jpg [311, 334, 164, 212]
401.jpg [324, 401, 159, 258]
402.jpg [69, 105, 167, 248]
403.jpg [278, 294, 154, 177]
404.jpg [258, 309, 144, 249]
405.jpg [255, 294, 103, 214]
406.jpg [377, 393, 66, 109]
407.jpg [18, 26, 77, 92]
408.jpg [150, 296, 45, 179]
409.jpg [315, 335, 157, 230]
410.jpg [394, 418, 193, 224]
411.jpg [288, 338, 143, 239]
412.jpg [428, 484, 40, 125]
413.jpg [475, 514, 217, 264]
414.jpg [284, 320, 48, 146]
415.jpg [431, 478, 24, 50]
416.jpg [294, 320, 115, 179]
417.jpg [341, 343, 184, 190]
418.jpg [366, 416, 96, 236]
419.jpg [301, 318, 133, 174]
420.jpg [309, 341, 162, 225]
421.jpg [274, 313, 45, 150]
422.jpg [117, 181, 160, 326]
423.jpg [297, 328, 152, 226]
424.jpg [244, 350, 149, 297]
425.jpg [379, 407, 271, 287]
426.jpg [246, 264, 191, 234]
427.jpg [301, 331, 149, 215]
428.jpg [282, 348, 140, 266]
429.jpg [293, 323, 166, 241]
430.jpg [283, 307, 145, 199]
431.jpg [265, 305, 76, 169]
432.jpg [413, 442, 166, 225]
433.jpg [595, 638, 102, 132]
434.jpg [314, 333, 163, 195]
435.jpg [286, 308, 30, 81]
436.jpg [197, 239, 140, 215]
437.jpg [26, 34, 78, 91]
438.jpg [294, 339, 143, 228]
439.jpg [243, 257, 132, 176]
440.jpg [293, 339, 131, 253]
441.jpg [308, 327, 160, 178]
442.jpg [456, 461, 164, 172]
443.jpg [302, 321, 152, 205]
444.jpg [301, 323, 170, 195]
445.jpg [219, 248, 207, 271]
446.jpg [515, 623, 1, 74]
447.jpg [277, 325, 125, 251]
448.jpg [109, 137, 169, 250]
449.jpg [300, 321, 153, 201]
450.jpg [299, 317, 165, 200]
451.jpg [436, 471, 186, 219]
452.jpg [221, 276, 160, 229]
453.jpg [211, 355, 141, 305]
454.jpg [380, 423, 321, 360]
455.jpg [284, 306, 169, 195]
456.jpg [378, 381, 202, 207]
457.jpg [312, 341, 141, 205]
458.jpg [429, 441, 157, 183]
459.jpg [300, 320, 153, 212]
460.jpg [278, 306, 165, 210]
461.jpg [347, 362, 120, 163]
462.jpg [212, 353, 147, 302]
463.jpg [301, 335, 157, 198]
464.jpg [383, 465, 1, 106]
465.jpg [356, 385, 154, 214]
466.jpg [303, 322, 143, 197]
467.jpg [356, 458, 160, 283]
468.jpg [310, 335, 145, 199]
469.jpg [314, 345, 151, 211]
470.jpg [312, 334, 164, 191]
471.jpg [246, 256, 253, 280]
472.jpg [301, 321, 167, 201]
473.jpg [253, 280, 151, 219]
474.jpg [312, 337, 139, 199]
475.jpg [464, 501, 187, 225]
476.jpg [311, 335, 163, 215]
477.jpg [311, 337, 165, 216]
478.jpg [76, 105, 169, 232]
479.jpg [38, 47, 78, 93]
480.jpg [314, 337, 151, 201]
481.jpg [349, 393, 10, 35]
482.jpg [300, 316, 137, 179]
483.jpg [148, 169, 137, 158]
484.jpg [243, 265, 158, 210]
485.jpg [437, 463, 21, 81]
486.jpg [279, 295, 143, 193]
487.jpg [295, 321, 126, 153]
488.jpg [248, 285, 154, 191]
489.jpg [216, 228, 302, 334]
490.jpg [298, 317, 153, 211]
491.jpg [322, 368, 113, 243]
492.jpg [300, 319, 168, 200]
493.jpg [309, 378, 301, 357]
494.jpg [30, 40, 78, 93]
495.jpg [326, 352, 240, 252]
496.jpg [240, 259, 285, 330]
497.jpg [278, 374, 55, 153]
498.jpg [358, 457, 74, 156]
499.jpg [170, 223, 138, 197]
500.jpg [207, 263, 125, 160]
501.jpg [337, 341, 135, 147]
502.jpg [154, 204, 76, 158]
503.jpg [301, 321, 149, 204]
504.jpg [281, 373, 53, 155]
505.jpg [300, 333, 164, 203]
506.jpg [495, 524, 319, 337]
507.jpg [395, 417, 66, 124]
508.jpg [309, 336, 152, 201]
509.jpg [297, 324, 147, 222]
510.jpg [306, 339, 159, 206]
511.jpg [385, 410, 13, 79]
512.jpg [281, 414, 179, 273]
513.jpg [305, 329, 157, 198]
514.jpg [309, 329, 182, 210]
515.jpg [244, 265, 223, 261]
516.jpg [400, 427, 284, 300]
517.jpg [306, 326, 177, 202]
518.jpg [294, 297, 200, 207]
519.jpg [310, 332, 153, 202]
520.jpg [249, 273, 153, 199]
521.jpg [458, 479, 235, 264]
522.jpg [31, 40, 78, 92]
523.jpg [328, 341, 107, 150]
524.jpg [345, 370, 160, 214]
525.jpg [300, 319, 167, 202]
526.jpg [556, 568, 200, 212]
527.jpg [307, 337, 160, 204]
528.jpg [300, 329, 150, 213]
529.jpg [443, 501, 222, 291]
530.jpg [264, 317, 143, 225]
531.jpg [137, 271, 35, 191]
532.jpg [441, 477, 185, 216]
533.jpg [298, 352, 135, 235]
534.jpg [246, 343, 147, 205]
535.jpg [304, 425, 168, 286]
536.jpg [536, 569, 327, 346]
537.jpg [408, 426, 206, 230]
538.jpg [290, 337, 130, 205]
539.jpg [215, 325, 129, 248]
540.jpg [310, 337, 166, 200]
541.jpg [301, 326, 131, 160]
542.jpg [254, 276, 151, 212]
543.jpg [306, 317, 103, 142]
544.jpg [306, 340, 143, 239]
545.jpg [559, 587, 126, 174]
546.jpg [215, 316, 151, 200]
547.jpg [426, 431, 161, 171]
548.jpg [246, 268, 157, 214]
549.jpg [23, 32, 77, 91]
550.jpg [296, 325, 163, 190]
551.jpg [313, 333, 151, 201]
552.jpg [305, 319, 193, 222]
553.jpg [311, 364, 123, 252]
554.jpg [314, 329, 78, 126]
555.jpg [278, 307, 163, 211]
556.jpg [174, 219, 77, 168]
557.jpg [290, 314, 142, 229]
558.jpg [356, 389, 131, 186]
559.jpg [326, 341, 183, 232]
560.jpg [232, 277, 67, 180]
561.jpg [174, 238, 148, 231]
562.jpg [166, 181, 180, 202]
563.jpg [222, 234, 318, 350]
564.jpg [319, 341, 166, 232]
565.jpg [332, 348, 32, 85]
566.jpg [453, 487, 186, 219]
567.jpg [266, 291, 145, 217]
568.jpg [428, 439, 151, 175]
569.jpg [272, 298, 169, 233]
570.jpg [359, 365, 168, 183]
571.jpg [317, 370, 143, 239]
572.jpg [319, 341, 164, 190]
573.jpg [296, 321, 172, 205]
574.jpg [311, 332, 170, 197]
575.jpg [302, 331, 154, 222]
576.jpg [264, 356, 161, 204]
577.jpg [218, 276, 104, 226]
578.jpg [418, 454, 215, 245]
579.jpg [241, 310, 124, 281]
580.jpg [297, 351, 141, 234]
581.jpg [163, 296, 59, 184]
582.jpg [296, 318, 118, 160]
583.jpg [298, 334, 153, 197]
584.jpg [293, 340, 7, 34]
585.jpg [329, 349, 153, 178]
586.jpg [287, 306, 163, 199]
587.jpg [327, 347, 130, 180]
588.jpg [300, 328, 150, 215]
589.jpg [374, 396, 123, 179]
590.jpg [305, 361, 138, 274]
591.jpg [365, 390, 189, 248]
592.jpg [377, 404, 95, 153]
593.jpg [325, 350, 165, 226]
594.jpg [442, 462, 237, 262]
595.jpg [320, 346, 167, 215]
596.jpg [207, 299, 129, 181]
597.jpg [242, 314, 124, 283]
598.jpg [337, 355, 161, 213]
599.jpg [489, 519, 317, 336]
600.jpg [303, 321, 166, 202]
601.jpg [307, 373, 301, 359]
602.jpg [310, 324, 174, 199]
603.jpg [328, 354, 160, 212]
604.jpg [408, 436, 149, 192]
605.jpg [374, 377, 201, 206]
606.jpg [248, 262, 134, 177]
607.jpg [301, 329, 129, 209]
608.jpg [307, 328, 151, 203]
609.jpg [293, 309, 168, 205]
610.jpg [245, 255, 261, 290]
611.jpg [542, 558, 265, 285]
612.jpg [323, 335, 133, 167]
613.jpg [302, 342, 158, 211]
614.jpg [293, 308, 163, 200]
615.jpg [286, 306, 159, 204]
616.jpg [302, 347, 121, 232]
617.jpg [282, 316, 163, 193]
618.jpg [223, 235, 318, 350]
619.jpg [440, 466, 216, 237]
620.jpg [291, 325, 186, 269]
621.jpg [388, 427, 53, 84]
622.jpg [341, 368, 154, 216]
623.jpg [295, 319, 171, 206]
624.jpg [570, 621, 6, 86]
625.jpg [597, 639, 102, 131]
626.jpg [441, 484, 203, 250]
627.jpg [75, 173, 71, 156]
628.jpg [100, 175, 65, 140]
629.jpg [267, 281, 218, 244]
630.jpg [271, 315, 160, 266]
631.jpg [233, 340, 130, 242]
632.jpg [347, 394, 11, 35]
633.jpg [307, 328, 152, 201]
634.jpg [293, 316, 153, 210]
635.jpg [303, 326, 142, 204]
636.jpg [303, 322, 148, 200]
637.jpg [288, 306, 168, 211]
638.jpg [345, 379, 144, 206]
639.jpg [278, 373, 126, 250]
640.jpg [232, 243, 294, 324]
641.jpg [385, 404, 136, 192]
642.jpg [300, 320, 152, 201]
643.jpg [299, 322, 186, 214]
644.jpg [342, 366, 156, 221]
645.jpg [194, 278, 222, 288]
646.jpg [279, 289, 104, 140]
647.jpg [297, 314, 153, 192]
648.jpg [302, 314, 126, 164]
649.jpg [271, 346, 137, 254]
650.jpg [301, 321, 278, 304]
651.jpg [351, 378, 113, 171]
652.jpg [252, 344, 133, 238]
653.jpg [307, 332, 148, 218]
654.jpg [553, 564, 180, 194]
655.jpg [270, 341, 136, 228]
656.jpg [379, 382, 200, 204]
657.jpg [325, 384, 168, 284]
658.jpg [307, 326, 254, 283]
659.jpg [318, 338, 153, 226]
660.jpg [298, 386, 132, 232]
661.jpg [272, 319, 97, 234]
662.jpg [557, 572, 108, 124]
663.jpg [257, 343, 154, 202]
664.jpg [84, 117, 196, 259]
665.jpg [309, 327, 181, 209]
666.jpg [302, 325, 132, 181]
667.jpg [367, 391, 264, 278]
668.jpg [291, 306, 163, 204]
669.jpg [240, 284, 84, 192]
670.jpg [457, 480, 191, 216]
671.jpg [316, 346, 141, 206]
672.jpg [293, 351, 126, 253]
673.jpg [279, 294, 168, 207]
674.jpg [195, 224, 298, 330]
675.jpg [263, 292, 132, 208]
676.jpg [308, 334, 159, 207]
677.jpg [324, 370, 9, 34]
678.jpg [437, 544, 110, 263]
679.jpg [203, 271, 148, 335]
680.jpg [225, 259, 114, 136]
681.jpg [294, 319, 173, 205]
682.jpg [371, 421, 271, 360]
683.jpg [301, 313, 128, 166]
684.jpg [388, 400, 170, 194]
685.jpg [292, 334, 180, 262]
686.jpg [299, 321, 166, 204]
687.jpg [313, 336, 178, 201]
688.jpg [302, 355, 162, 243]
689.jpg [233, 267, 121, 218]
690.jpg [270, 357, 161, 204]
691.jpg [305, 333, 141, 226]
692.jpg [202, 219, 196, 219]
693.jpg [209, 237, 184, 255]
694.jpg [277, 303, 134, 202]
695.jpg [316, 366, 147, 253]
696.jpg [284, 363, 54, 218]
697.jpg [287, 304, 179, 222]
698.jpg [324, 336, 107, 149]
699.jpg [300, 322, 169, 198]
700.jpg [309, 324, 176, 200]
701.jpg [280, 332, 157, 217]
702.jpg [308, 335, 165, 212]
703.jpg [283, 293, 98, 133]
704.jpg [222, 234, 316, 350]
705.jpg [283, 294, 97, 133]
706.jpg [306, 317, 115, 154]
707.jpg [215, 241, 345, 360]
708.jpg [217, 254, 118, 145]
709.jpg [366, 405, 108, 193]
710.jpg [328, 355, 160, 213]
711.jpg [353, 376, 133, 184]
712.jpg [301, 331, 148, 216]
713.jpg [379, 445, 255, 360]
714.jpg [465, 504, 215, 271]
715.jpg [404, 447, 17, 43]
716.jpg [351, 383, 147, 215]
717.jpg [299, 318, 159, 215]
718.jpg [380, 399, 268, 304]
719.jpg [258, 285, 147, 190]
720.jpg [311, 335, 146, 169]
721.jpg [303, 326, 148, 221]
722.jpg [301, 321, 168, 207]
723.jpg [221, 265, 49, 162]
724.jpg [275, 286, 102, 136]
725.jpg [303, 326, 151, 176]
726.jpg [429, 462, 214, 239]
727.jpg [305, 332, 150, 214]
728.jpg [137, 274, 39, 185]
729.jpg [332, 381, 145, 243]
730.jpg [413, 491, 197, 329]
731.jpg [299, 338, 169, 222]
732.jpg [315, 339, 144, 220]
733.jpg [299, 312, 168, 202]
734.jpg [294, 308, 160, 196]
735.jpg [291, 328, 129, 209]
736.jpg [345, 365, 99, 148]
737.jpg [363, 389, 139, 169]
738.jpg [297, 395, 186, 263]
739.jpg [294, 316, 156, 201]
740.jpg [358, 394, 80, 176]
741.jpg [222, 250, 126, 201]
742.jpg [360, 405, 182, 270]
743.jpg [387, 403, 57, 102]
744.jpg [242, 268, 159, 205]
745.jpg [96, 125, 168, 248]
746.jpg [274, 378, 175, 263]
747.jpg [284, 337, 111, 227]
748.jpg [269, 280, 217, 243]
749.jpg [303, 331, 149, 228]
750.jpg [314, 334, 156, 197]
751.jpg [384, 406, 57, 113]
752.jpg [344, 371, 150, 213]
753.jpg [441, 458, 26, 49]
754.jpg [385, 406, 58, 113]
755.jpg [208, 261, 124, 160]
756.jpg [314, 338, 146, 196]
757.jpg [257, 272, 254, 294]
758.jpg [320, 345, 165, 198]
759.jpg [336, 356, 1, 55]
760.jpg [398, 425, 161, 214]
761.jpg [141, 173, 206, 273]
762.jpg [313, 333, 156, 180]
763.jpg [311, 342, 152, 220]
764.jpg [304, 338, 159, 206]
765.jpg [165, 237, 141, 226]
766.jpg [323, 401, 161, 250]
767.jpg [401, 425, 16, 81]
768.jpg [361, 402, 109, 188]
769.jpg [208, 236, 161, 243]
770.jpg [273, 297, 153, 200]
771.jpg [306, 341, 158, 212]
772.jpg [245, 297, 168, 231]
773.jpg [302, 352, 156, 231]
774.jpg [266, 290, 160, 205]
775.jpg [255, 340, 153, 203]
776.jpg [274, 297, 151, 200]
777.jpg [179, 229, 36, 150]
778.jpg [246, 273, 153, 201]
779.jpg [318, 348, 151, 212]
780.jpg [327, 343, 104, 151]
781.jpg [331, 344, 190, 211]
782.jpg [306, 319, 122, 164]
783.jpg [305, 341, 176, 228]
784.jpg [350, 379, 157, 206]
785.jpg [319, 356, 134, 207]
786.jpg [308, 330, 182, 208]
787.jpg [369, 390, 186, 215]
788.jpg [294, 320, 169, 206]
789.jpg [298, 322, 149, 204]
790.jpg [379, 424, 319, 360]
791.jpg [275, 288, 110, 151]
792.jpg [211, 351, 150, 301]
793.jpg [300, 323, 152, 206]
794.jpg [331, 353, 136, 182]
795.jpg [309, 327, 160, 196]
796.jpg [224, 243, 158, 198]
797.jpg [280, 310, 157, 183]
798.jpg [303, 365, 297, 360]
799.jpg [261, 300, 165, 278]
800.jpg [287, 332, 155, 210]
801.jpg [282, 304, 176, 200]
802.jpg [309, 327, 185, 213]
803.jpg [211, 240, 276, 304]
804.jpg [303, 334, 153, 222]
805.jpg [249, 266, 187, 231]
806.jpg [359, 372, 172, 195]
807.jpg [138, 233, 156, 223]
808.jpg [314, 332, 163, 194]
809.jpg [470, 496, 228, 317]
810.jpg [324, 345, 163, 226]
811.jpg [587, 623, 339, 355]
812.jpg [266, 303, 161, 196]
813.jpg [275, 319, 128, 215]
814.jpg [282, 297, 141, 190]
815.jpg [307, 341, 157, 212]
816.jpg [240, 249, 270, 289]
817.jpg [300, 349, 100, 244]
818.jpg [436, 472, 214, 239]
819.jpg [298, 330, 149, 238]
820.jpg [231, 245, 326, 360]
821.jpg [336, 361, 154, 210]
822.jpg [278, 307, 156, 183]
823.jpg [216, 227, 304, 339]
824.jpg [436, 454, 242, 265]
825.jpg [331, 334, 182, 191]
826.jpg [255, 342, 76, 196]
827.jpg [316, 335, 160, 229]
828.jpg [269, 410, 177, 332]
829.jpg [300, 319, 169, 202]
830.jpg [365, 385, 164, 210]
831.jpg [305, 319, 116, 170]
832.jpg [295, 326, 175, 252]
833.jpg [109, 119, 86, 100]
834.jpg [281, 400, 162, 255]
835.jpg [287, 340, 133, 206]
836.jpg [307, 325, 164, 207]
837.jpg [279, 306, 138, 213]
838.jpg [307, 332, 155, 210]
839.jpg [229, 334, 62, 162]
840.jpg [296, 320, 172, 205]
841.jpg [243, 274, 109, 140]
842.jpg [301, 332, 154, 224]
843.jpg [446, 502, 222, 289]
844.jpg [284, 376, 42, 229]
845.jpg [308, 323, 174, 195]
846.jpg [307, 336, 167, 216]
847.jpg [249, 265, 265, 309]
848.jpg [299, 311, 96, 136]
849.jpg [272, 346, 130, 272]
850.jpg [303, 324, 165, 218]
851.jpg [219, 247, 138, 198]
852.jpg [183, 291, 68, 189]
853.jpg [339, 353, 96, 141]
854.jpg [256, 340, 153, 203]
855.jpg [271, 287, 170, 206]
856.jpg [355, 404, 108, 230]
857.jpg [305, 315, 100, 137]
858.jpg [407, 412, 160, 171]
859.jpg [49, 158, 261, 360]
860.jpg [297, 397, 65, 266]
861.jpg [251, 273, 154, 212]
862.jpg [303, 318, 157, 179]
863.jpg [273, 306, 121, 152]
864.jpg [206, 252, 133, 209]
865.jpg [378, 398, 56, 114]
866.jpg [296, 336, 131, 238]
867.jpg [338, 419, 157, 290]
868.jpg [263, 273, 210, 233]
869.jpg [293, 323, 148, 217]
870.jpg [336, 365, 154, 217]
871.jpg [237, 284, 72, 186]
872.jpg [413, 435, 185, 256]
873.jpg [301, 324, 145, 202]
874.jpg [394, 400, 158, 169]
875.jpg [273, 310, 128, 214]
876.jpg [256, 284, 163, 212]
877.jpg [300, 337, 161, 209]
878.jpg [307, 380, 173, 300]
879.jpg [337, 342, 139, 155]
880.jpg [344, 372, 147, 216]
881.jpg [302, 324, 163, 204]
882.jpg [287, 311, 155, 208]
883.jpg [283, 402, 159, 259]
884.jpg [306, 341, 163, 213]
885.jpg [319, 339, 162, 196]
886.jpg [371, 413, 246, 335]
887.jpg [302, 347, 109, 239]
888.jpg [218, 246, 173, 236]
889.jpg [301, 328, 162, 254]
890.jpg [364, 381, 79, 130]
891.jpg [302, 321, 167, 201]
892.jpg [296, 319, 169, 206]
893.jpg [306, 329, 146, 220]
894.jpg [436, 455, 244, 269]
895.jpg [104, 135, 196, 262]
896.jpg [268, 385, 166, 256]
897.jpg [311, 324, 158, 194]
898.jpg [305, 327, 155, 173]
899.jpg [265, 289, 159, 205]
900.jpg [267, 281, 230, 256]
901.jpg [303, 324, 149, 201]
902.jpg [308, 339, 155, 224]
903.jpg [303, 325, 147, 199]
904.jpg [319, 346, 112, 187]
905.jpg [20, 29, 76, 91]
906.jpg [290, 316, 146, 218]
907.jpg [353, 377, 255, 268]
908.jpg [282, 399, 163, 254]
909.jpg [368, 373, 154, 166]
910.jpg [352, 374, 99, 159]
911.jpg [190, 378, 119, 218]
912.jpg [303, 316, 126, 164]
913.jpg [389, 434, 79, 163]
914.jpg [308, 323, 163, 206]
915.jpg [269, 299, 218, 293]
916.jpg [392, 410, 142, 202]
917.jpg [197, 226, 206, 270]
918.jpg [273, 298, 146, 197]
919.jpg [156, 299, 74, 195]
920.jpg [227, 266, 86, 179]
921.jpg [348, 371, 101, 160]
922.jpg [204, 250, 83, 154]
923.jpg [285, 337, 134, 253]
924.jpg [352, 378, 145, 192]
925.jpg [557, 590, 329, 348]
926.jpg [465, 506, 216, 270]
927.jpg [304, 361, 121, 253]
928.jpg [337, 371, 140, 201]
929.jpg [273, 314, 180, 274]
930.jpg [406, 422, 207, 232]
931.jpg [555, 563, 172, 182]
932.jpg [307, 323, 169, 195]
933.jpg [385, 411, 190, 231]
934.jpg [278, 336, 136, 218]
935.jpg [74, 109, 191, 256]
936.jpg [284, 305, 157, 211]
937.jpg [418, 451, 90, 167]
938.jpg [298, 322, 162, 239]
939.jpg [355, 386, 148, 208]
940.jpg [279, 291, 216, 246]
941.jpg [342, 344, 179, 185]
942.jpg [182, 222, 108, 204]
943.jpg [215, 247, 141, 215]
944.jpg [375, 394, 76, 127]
945.jpg [277, 287, 103, 141]
946.jpg [364, 387, 134, 192]
947.jpg [253, 270, 257, 301]
948.jpg [292, 312, 127, 171]
949.jpg [296, 332, 66, 157]
950.jpg [234, 237, 199, 204]
951.jpg [307, 336, 162, 201]
952.jpg [226, 246, 301, 344]
953.jpg [305, 327, 125, 181]
954.jpg [308, 328, 165, 204]
955.jpg [363, 384, 134, 183]
956.jpg [293, 396, 184, 263]
957.jpg [290, 309, 24, 77]
958.jpg [596, 638, 102, 131]
959.jpg [207, 243, 123, 156]
960.jpg [296, 335, 153, 204]
961.jpg [320, 403, 159, 257]
962.jpg [248, 271, 161, 220]
963.jpg [303, 336, 162, 224]
964.jpg [303, 347, 91, 214]
965.jpg [312, 332, 162, 194]
966.jpg [276, 307, 141, 210]
967.jpg [292, 312, 127, 172]
968.jpg [515, 565, 24, 106]
969.jpg [217, 242, 272, 299]
970.jpg [316, 335, 159, 230]
971.jpg [305, 344, 193, 245]
972.jpg [323, 371, 152, 258]
973.jpg [467, 500, 191, 228]
974.jpg [299, 336, 158, 204]
975.jpg [310, 331, 177, 204]
976.jpg [235, 273, 117, 150]
977.jpg [339, 342, 183, 193]
978.jpg [302, 329, 158, 182]
979.jpg [249, 289, 164, 279]
980.jpg [234, 272, 113, 206]
981.jpg [306, 329, 175, 203]
982.jpg [199, 243, 81, 159]
983.jpg [357, 385, 156, 217]
984.jpg [262, 354, 155, 202]
985.jpg [337, 364, 155, 214]
986.jpg [216, 337, 150, 284]
987.jpg [297, 321, 170, 207]
988.jpg [275, 286, 100, 135]
989.jpg [399, 425, 283, 299]
990.jpg [75, 109, 190, 256]
991.jpg [349, 380, 145, 199]
992.jpg [298, 335, 152, 205]
993.jpg [301, 317, 169, 201]
994.jpg [281, 310, 170, 210]
995.jpg [316, 410, 159, 294]
996.jpg [304, 342, 213, 301]
997.jpg [372, 392, 143, 194]
998.jpg [294, 331, 127, 210]
999.jpg [325, 350, 80, 139]
